EfficientDet0-lite
320x320

{'AP': 0.7416652,
 'AP50': 0.9687739,
 'AP75': 0.83520037,
 'APs': 0.05289666,
 'APm': 0.39418915,
 'APl': 0.7563186,
 'ARmax1': 0.75221133,
 'ARmax10': 0.8088393,
 'ARmax100': 0.81511474,
 'ARs': 0.2,
 'ARm': 0.57419807,
 'ARl': 0.8266629,
 'AP_/insect': 0.7416652}